81

42. 53. 57]) 135. 138. 21, 39. 44. 59 bis. 60. 63. 991118. 112, 125²)
136bis. 137. 159. 190. 22, 4. 20. 37 bis. 53. 57. 66. (= 24‚173.)
72. (= 24, 180.) 23, 5. 31. 80. 100. 108b18. 109. 112. 129. 132.
151.168.174.176.179.188,189. 2071118. 212. 24, 8. 51. 66.114.
155. 182. (= 22, 74.) 25, 1. 6. 13. 14. 381118. 42. 66. 76. 82. 84. 88.
93. 101.³‘) 26, 15.17. 26. 28, 18. 21. 29,15. 30, 7. 26. 34. 3212.
24. 36, 22. 28. 30. 42. 37, 10. 11. 15. 49. 38,11. 39,13. 22. 423.
14. 43, 14. 45, 23. 54. 66. 70. 76. 86. 46, 2. 47, 6. 36. 40. 58.
60151. 62. 48, 55. 4 9, 64. 50, 6. 15. 64. 51, 5. 52, 6. 19. 53, 8.
54, 16. 24. 32 bis. 35. 55, 7). 24. 56, 14. 50. 57, 56. 58, 9. 23 biS.
26. 40 bis. 69. 59, 30 bis. 51. 99. 100. 60,1. 3. 28. 31. 35. 61.1. 3.
5. 28. 52. 54. p1·.2, 1. 5, 1. 6,1. 14, 3. 15, 2. 17. 21, 3. 24, 3.
28, 2513. 302. 32, 3. 33, 2. 34, 3. 44, 1. 2. 49, 3. 55,1. 1, 2. 7.
11, 1.6. 20. 111, 3 4. 9. 10⁴) 19. 33. 34. 38. 1V,9. 12. —- ὁρῶ καὶ
ἀκούω 20, 65. cf. 55, 16.
ἐφωρῶ 18, 205. 23, 69.1ss9.⁵‘) 40,13. 6026.
καθορῶ 5, 6. 24, 25. 51, 10. 59, 72.
παρορῶ 26,16.6)
περιορῶ 9,29. 10,41. 16, 25 bis. 18, 63. 64. 19, 64. 66.
84. 195. 230. 306. 20, 75. 21, 1155) 26, 24. 27, 63.
28,19. 33, 28. 40, 23. 42, 32. 43, 84. 44, 2. 311.
45, 73. 74. 47, 56. 50, 5. 55, 7. 58, 2. 59, 8. 60, 8.
111, 41.
ὑπερορῶ 48, 85.
πυνθάνομαι 4,41bis. 8,11. 10, 29. 18, 25. 19,137. 154.
341. 59, 40. 63.
τίθημι 23, 76. 45, 86.
([ωρῶ 2ι,41. 22,71. = 24,179. 45,19. —
δῆλος· γίγνομαι 45,40. δῆλός εἶμι 6,16. 16, 28. 19,118.
236. 24,122, 25, 30. 31,10. 37,27.41.
ἔνόηὶός εἰμι 21,198.·‘⁵)

¹) κρινόμενοι· ante ἴδοι om. S* al. 2) δρᾷ omnes: φωράιῑῃ ei.
We. ³) ἰδεῖν S al. (Bk. Bl. Tu. Vo. wem ἔπιδε-ἲν ν. (Da). ⁴) ‹13-
ὁρῶ)- mg. Q et ci. Reiske (Bk. 131. Da. 'r11.vo.). ⁵) ἐπιδόντα omnes:
{mmmm 8¹. 6) περιοπτέον Cobet ct We. („.Ie ne sache pas“, inquit
We.‚ „que παρορᾶν sc contruise avoc 1111 participe“). ἲ) περιεῖδει
,τερα-υἷε 8¹. ⁸) 1100 verbum rarissimum apud Demosthenem cetero-
quin n0n legitur. Cf. Buttmann, Mid. 11171.

Dius. phu. Hal. xln. s,

